10016:
1751359
234929
1759349
1604433
1003759
10017:
2280428
1129341
1377724
10018:
305767
2316945
2173031
676747
354053
2119257
2282361
1670793
1960248
73918
1516345
1236649
1403470
913554
647979
404170
2487526
502190
801510
2126132
1652905
828150
1634975
324441
1569186
905901
1435115
1140656
423065
178629
10019:
22036
1126085
487154
261890
204512
2350988
943653
1725053
1967016
2042897
513351
467597
475394
610785
1191387
2597191
289045
1466477
1970876
1259566
2049251
2535358
1041111
67095
1989902
1796655
1772740
2356037
884657
1367415
1394476
1137339
658929
518974
1568346
371346
1207852
719156
1151159
1882122
1340177
306688
2455675
1750548
2145783
1191324
389917
505579
814902
245527
1462807
459444
1591721
1214125
398395
2093048
1933736
1274113
1994982
258371
378543
1703266
2250647
2085688
2391227
2380848
1116868
2157768
1306541
1002:
2174660
1685301
2030264
1419286
2520929
2035568
1288929
1680156
1858104
988266
2633719
156594
1384253
1417842
10020:
922636
1967058
1949297
1562927
2138373
431122
1077653
167248
776126
722639
2341725
1252652
251807
1751559
2398282
705246
47787
1064752
2308022
2414321
945481
1854443
2035232
951643
2381070
1011906
908968
10021:
2366406
1033592
249998
1205724
10037:
253214
612895
769764
396150
2555464
1988133
560277
1839686
2569369
1845071
1627613
948108
1316833
911710
10043:
834820
852886
2204494
774717
1406050
2317868
202667
1728377
2048837
1103080
510319
2314914
2460018
969342
2596709
1267391
473246
2196025
13407
2057736
2488192
2389901
600986
1538160
2379921
1589215
725549
1992993
2511165
1767457
2498387
415150
625713
703872
799557
1001653
836253
1975605
1567145
99512
328303
627617
2541048
381361
19679
2273335
2335827
772801
618428
1186231
1876612
669032
944845
202018
2359108
2288808
291590
2448971
8061
1170683
1056747
1737686
142616
1921572
10044:
1443524
2179335
1641999
1084367
414171
1618140
2562136
2502874
2625427
2604177
1286332
136596
1643730
2605544
830051
2241622
421029
2202698
2053887
2399246
1453293
939013
182269
1213190
386568
1000554
123376
351076
2555414
380257
1777484
682084
1718433
346450
939871
569506
566918
1272486
406024
181502
2068190
728029
1302219
1696090
755723
471880
993472
1787938
36621
1293932
1974509
866430
2199443
1241337
2118726
177357
817664
595421
1110479
1279567
1563452
624343
325889
537600
10045:
2314434
4307:
189363
2463636
2578429
1905939
1911919
1337777
1445056
684124
1122285
2131847
4308:
2168444
49145
98362
900557
536513
1669844
1497006
1229118
4309:
2307724
812553
2496342
923170
2176501
1033676
431:
175376
1085873
662622
109667
1353760
2030008
2222001
581732
1284294
998374
659935
513351
2103199
485930
475394
2283428
1139461
1307048
1995482
1871090
532697
2555373
2083863
893548
465287
34166
1286735
1800652
1935230
2310135
712963
1708541
332443
1321732
242171
469220
400916
2512098
900077
798909
1179516
2605778
1428163
673040
371346
884118
2400013
555716
2503230
1427001
1641159
2160657
2111453
1035298
1888838
1664870
989027
679083
2539966
478715
276544
1805732
1271795
797757
2050588
885168
761831
1368400
2440833
1772807
959885
2192609
224180
712996
2166814
1329805
218541
173581
518093
1089944
4310:
2058458
2049949
1113982
256805
35094
2214961
2523970
1772876
395155
1026772
1113253
384137
326620
1680797
2207190
42670
1686486
2473451
1905069
1538487
2038964
1919197
317940
124598
1444967
1561882
1020870
1498881
1305156
2203807
1017787
108740
4311:
2342203
1717184
1560390
592092
1450302
1384480
4314:
556955
1637906
1908395
4315:
1186456
1015023
845905
1179305
1307844
1295475
1240365
2636652
1091179
483047
1091832
954247
349387
914503
326875
566690
1476213
2013023
2059541
243198
2240287
2377899
1530180
819870
1504994
1918101
2242418
1684365
1811019
2631285
983685
465286
1080998
2390123
1922633
735426
1432465
2100775
2393743
1739513
1895927
379464
255357
482692
209152
1891887
2298339
1025363
432411
1850590
296525
1074388
1240413
1999722
1363573
1389720
2148912
330079
2479509
553306
397077
1406872
723498
1369525
959993
858554
2416721
1114227
1694911
1883968
301923
2493113
2025162
958104
252224
1855804
269287
2319177
888797
2644694
1023086
1534693
623302
2583047
579491
1278144
1355719
2246384
341055
2353202
24300
1268197
2435423
1806729
1893041
2014994
1906246
2497163
530515
2284211
467917
759832
1276435
2437632
1733187
693695
2064538
1264730
842510
2353395
143504
321451
1367976
166580
702849
119967
2450807
81812
1179339
2384855
2386415
90746
950274
444827
146225
245201
5202
1188167
1047135
437680
2157254
1971831
842277
215905
182031
291084
303330
205382
2271897
2239638
1181550
848588
1014068
756700
1831320
1670734
1227322
2165452
1217745
1457238
858862
2239149
301697
155254
1382145
683505
1228194
933972
854420
1571089
1297367
210907
2164980
567213
408154
1963984
469739
478189
804170
2245617
283422
2265280
1193478
749445
1610627
285856
481862
1776266
1151188
2170784
464091
400283
2029449
1036139
2452278
73076
2316783
1328709
1695713
2467136
1945985
1332709
486527
2337994
1668463
2454371
967880
255552
2302421
1934733
161921
1288035
858185
1304831
1144279
2502038
2534299
1912348
100639
977783
2415948
200076
2635400
1160360
1435648
2445556
474418
363375
1771611
2632826
63307
371723
1041456
854295
1471187
1334113
1297041
1191122
526715
2253807
461754
2300770
2151206
1337981
1167865
2388423
1715829
2593188
1895328
145223
418271
752057
2446076
256435
1580381
1051463
1481095
1308983
1154832
647634
657343
1644335
2604811
2299784
1927495
921345
573316
1820206
1853048
1070587
2316196
325690
138387
2413468
1467381
1387568
368094
463723
1587619
1114823
2340670
1537415
780275
1729930
1947587
1976205
2191325
1120178
2001860
784136
1198814
2017276
1869218
1207535
1023020
1929850
968719
633269
1117935
7661
2378963
2461042
2534784
1681844
156888
1708216
2244882
1263508
901557
1164239
1767150
2135038
705598
2445967
1471651
740099
782443
142891
5722
854537
1868355
2171565
697513
2376747
109280
2025303
770678
214810
2416505
433889
2592829
1885996
639888
1898399
1563754
1372512
570968
184494
1193136
2604194
962825
2323772
2112710
1818938
707026
505246
2376520
1089042
618106
15281
1689439
698934
508019
2464495
1059738
1752554
2587366
922550
1559831
1342164
1855958
864837
2293493
839574
2585017
168705
2146672
1939262
730001
19896
1256160
1529760
1649034
1981351
1461994
2383101
1738341
2568992
2462195
2621093
714559
1884147
1986772
2531722
936128
2586316
727337
530807
1138461
2208915
2568874
513766
323466
804704
2603372
1153777
656042
2356951
874014
2125470
355363
154735
2408325
1109628
2464014
1232781
2313769
2623847
2066141
146195
1475998
1958840
2237228
2514490
177838
1731873
991263
52615
2408838
1904938
1039261
1340826
599334
141535
457244
2439973
329075
231101
1610410
2590308
769401
1371571
1192745
671897
2535601
2500783
233562
2609832
2499019
767103
1903932
2607504
542033
1635899
977540
1633347
226778
1781318
2444261
1137106
1711812
1833103
2307174
2374183
2575280
1296874
1963970
1132710
2459973
1761893
1061086
1504421
1039158
2213638
1518070
2218622
1886045
1816957
27110
163243
641096
1503090
2347565
2417773
2600280
2534815
1545145
2379713
603500
2027791
266293
2516591
1933329
2522599
2194329
773191
1149616
1242383
504640
619357
1801666
536823
2595715
963531
1807489
119305
506279
1822813
1156706
2465322
2053090
1062333
1814587
526480
380629
728238
1732477
923606
534962
1449950
528161
665882
2608635
1304382
807670
764803
1019536
966695
1131305
2484998
106438
2538668
522994
1607528
2193162
1942986
557150
1959568
2368458
2618955
1671163
2572115
1845043
2047089
91515
261664
1437105
1231358
767630
2305089
1041790
662270
656126
1399216
2436472
2430802
1063556
1140406
1877629
2274365
1579972
542191
1202484
2371638
612555
2495511
2332637
1030871
589531
1244275
1962092
1388898
2211647
70887
1846951
1712076
169750
2140420
1869826
1561432
1404888
1792293
1141548
744041
1934019
1802399
2621062
340386
252982
1682857
1107742
1426343
2351081
1961264
685717
726823
396481
1386114
2534630
1542618
2333893
1207069
1703249
306240
669651
1208278
1332753
99613
71690
1975037
226585
1669098
1438571
1356923
714313
831981
2231400
942944
763967
425678
441881
152477
2442087
779358
884165
2162235
2509853
143831
1992870
2468097
1854584
534328
906179
2533307
1014757
1514006
1122104
1668271
174390
2631351
2019087
2421852
1158138
352887
1539617
117400
2096465
1477609
242201
676381
1767207
854416
296503
1779634
2012967
826016
547108
1623548
2410863
557483
2590617
1317871
1716880
2124994
827986
1460051
1542724
185609
1933187
324371
1260487
1173859
992330
1627636
1943183
1168633
1649451
1901733
1155712
2242549
2271364
650696
2227783
729820
2440433
2228459
1452223
1919444
151987
1411047
1969987
1915005
1742844
701589
1558516
388243
2635565
1138306
224964
232713
782930
2578289
2442231
1203478
2404624
276621
981846
1422937
218355
2388301
137091
1020933
572738
2164560
471377
663539
733243
1678187
1439853
1914885
1617536
2497828
653000
2586028
176473
2169112
364481
1084605
976717
137363
1908988
1218973
1753734
2308018
2361939
963471
230586
628372
1610167
1523908
707091
1101757
1527303
2361260
2089804
2107351
2588179
2172463
1470414
775803
2326087
1534383
2022097
674957
1624426
884946
1860920
1045609
2394447
485873
1817491
1986692
2323476
48253
389278
1706938
617002
688439
868944
2272694
2520485
1294710
2153995
2257938
960566
18914
1229879
1955759
1086317
324526
310444
2039626
2265301
2569413
1057750
1910965
1237193
2286518
344472
1222552
288342
1214761
190087
1703869
1608731
2457950
2519066
220528
1346401
603876
2317042
1894193
2137763
776800
26176
1327712
144759
647336
878805
1435282
1810509
2168467
1730504
2575454
2638246
2286997
812808
386830
120348
2554238
2108637
1511991
2604497
1587173
2353847
2059441
585737
2627327
1246653
854022
1333536
1656451
886065
2472232
346898
2540871
2205314
1687058
2323189
783874
2139903
1106526
2056273
575803
1100856
570916
2384269
85215
789581
62270
618533
950983
514184
185867
1961573
2529103
2576263
1068659
1017178
1930946
1251305
252054
271435
832761
490703
2053880
762001
1745621
2231379
1767661
2270392
2251337
352206
1532111
135479
795532
1220198
977094
1190638
1948969
1329920
352763
278669
1264604
8380
587505
1294773
952185
2398439
654703
1365353
1538495
566394
95388
774749
1608223
1084626
2410243
987958
177997
936263
2467504
2052738
2311402
1601988
1373879
1852216
1274760
2379712
2583875
2242153
1870442
85755
1564916
846469
510792
1137886
919252
2603914
2501297
642143
2342798
1519408
2080103
2260709
2579184
977988
1255365
1928580
790249
2047811
569889
2100453
1162063
604253
1736058
791811
680080
2420439
1443535
2617441
2396602
441929
1339190
739472
2213131
1189820
81478
225529
876063
1907591
852468
193412
746004
2327239
220462
1030274
1367955
655652
2454319
1817233
2602117
918708
373956
109293
1401233
2412608
354422
305921
2530104
865544
2076893
1660584
2375599
290306
261151
44421
1380222
614018
268989
13827
859349
2183248
2108085
1146224
226361
2037211
890342
2219410
633332
2122038
675907
2305803
1730886
2582543
109948
2518096
828923
90400
2037849
1751557
422594
2544040
1613967
2334753
844354
1683020
955882
2068590
744453
432533
1712802
2219287
253416
702349
62583
2493493
1738532
1059641
1811600
1670451
1215526
907722
540536
2195320
1866780
719850
696902
1467138
634780
1986466
174568
670794
2613973
1080272
967024
538382
2195082
723396
2629245
779195
931442
1732395
1392598
1201411
607895
2116575
233700
1440083
1078937
1414529
744250
700844
1006843
1135117
836472
1126578
1897621
2005243
2303465
980605
346418
2438782
2009166
2015205
275030
1875382
2482853
199993
1605680
1927566
2033155
682970
2465520
2153829
1935890
1071266
2075528
1569793
77965
21612
2467289
2073192
1771365
1495655
1572917
1793674
1847701
1242846
346137
2416084
1215479
479930
983352
162543
1135480
556848
832286
2247303
748025
948575
889246
1952575
1217870
691402
2315073
2337831
2465659
1431452
1485814
1970510
2186157
1886453
2561743
458300
950733
1991652
1591057
1279024
1622607
2574099
1881604
1054506
176351
2177314
710593
1023655
2363429
1927664
2326806
544569
2592083
2318684
1371819
1921007
1861338
1486680
102024
2326863
1166845
2397383
501377
46085
814432
708953
126299
779194
1884600
1299742
1645247
14409
2418365
1767729
666244
707136
2104907
1448345
349762
1852411
2237998
499029
2554509
1560344
409854
1212480
1106518
251691
2267231
1340776
1146980
634927
224992
486172
227093
345836
215685
1240145
2088910
1221608
2537665
2489566
1037213
170937
1254572
703891
900342
948234
281298
1540893
122503
1573762
1675356
2472427
1488391
1846799
1941022
923926
598531
2125614
2204427
924464
2424065
1023635
1587912
517633
180443
1204433
1020894
625476
2133103
2008514
215048
1318398
914944
429005
1974383
1858522
1186796
1761228
1770761
2630743
380025
30410
2279268
1408987
2202127
1807548
2049945
30689
1820899
1982391
1161458
2233732
2457781
1949648
963218
2605682
1227701
1073438
311059
1833697
1029360
2263093
2333532
1159340
2241844
478775
174929
1148732
1614188
840510
517928
2531667
855610
1331844
2125576
2207181
186263
1100477
1181279
1603312
1271428
1832428
1690432
117112
1013570
1093947
878489
699825
2341725
1249035
307632
887536
2473899
1823538
979453
820198
655277
1951226
320046
1624416
1923566
2503359
1781927
1975100
1343839
2612167
1928370
1178644
852383
56255
1699060
1608543
666921
1727477
955528
2054194
8754
695091
1012603
97784
870354
344974
1835063
113731
584208
629519
1807140
209028
569015
1719999
940016
1203622
426726
1544602
292488
1497808
2566208
2538610
2158782
2605085
1322936
91138
1021107
1646956
758623
531233
604454
1337318
1171590
2521337
169538
1303776
712920
967364
1176011
2246180
623201
1238050
2053719
151845
2355131
462190
900698
1062954
2574229
367653
1043622
1197652
1037124
2613894
624025
1274698
10805
2344593
716437
513187
1620634
1141049
2399153
319385
1392376
2214292
2178197
2624243
2647986
896950
1644883
742105
633273
181572
328851
1387452
1553741
1118157
1560837
1058872
1944661
422691
1952500
2025340
2116254
1034041
376856
1119210
3018
2602530
1646307
2095493
2271842
1959760
2270483
1472304
940289
1186934
2150578
1734856
2492408
958625
1179959
1817163
1795905
448071
173443
2194782
149009
1453524
1209286
1710962
815737
1780731
1671441
722447
1582778
2349629
1870452
1552485
40557
991199
1035565
619027
2516637
2431044
77463
414776
1962303
710521
78220
1130662
1677835
1938635
1438063
776749
2212643
889342
1125171
1065506
1847629
542717
1900766
436510
1586073
97164
1239892
849237
1585850
1456139
2064418
1340391
1061230
1320689
1929998
2283695
2384242
2033241
2551499
2641405
1486938
2527198
1225571
2361110
2198612
805338
202518
2083127
261903
2355095
362504
2400726
1182659
1883683
441872
689604
2639772
1280062
2551091
680501
2472597
1442426
274687
696688
2214305
1240927
648087
996246
2105437
2261710
680568
2258370
1854658
1727554
1637482
213727
799383
1118293
178797
1260367
582792
2012675
761182
1256881
614078
1011023
1407690
1781937
2132058
2286468
1664265
1858594
2078484
2316788
2083173
80250
2585629
850275
2593740
1872293
2241298
83277
416992
1803686
194184
992903
176865
626110
1995748
1132256
185087
1066543
1962903
1846906
37180
2579567
1076144
1321101
203629
1896666
2210835
83118
1462231
2550684
1796183
1746398
2008178
2489068
2617591
589768
2316514
1847859
1106688
972509
1012644
2378097
1430502